255 0 0 0 49
255 0 0 1 32
255 0 0 3 1
255 0 0 5 7
255 0 0 7 49
255 0 0 9 35
255 0 0 10 11
255 0 0 11 46
255 0 0 12 56
255 0 0 13 85
255 0 0 14 54
255 0 0 15 12
255 0 0 16 93
255 0 0 17 22
255 0 0 18 30
255 0 0 19 9
255 0 0 20 86
255 0 0 21 2
255 0 0 22 51
255 0 0 24 69
255 0 0 25 85
255 0 0 26 74
255 0 0 27 144
255 0 0 28 71
255 0 0 29 91
255 0 0 30 33
255 0 0 31 98
255 0 0 32 14
255 0 0 33 8
255 0 0 34 9
255 0 0 35 14
255 0 0 36 284
255 0 0 37 172
255 0 0 38 28
255 0 0 39 2
255 0 0 40 20
255 0 0 41 46
255 0 0 42 256
255 0 0 43 43
255 0 0 44 39
255 0 0 45 9
255 0 0 46 2
255 0 0 47 189
255 0 0 48 172
255 0 0 49 20
255 0 0 50 10
255 0 0 51 2
255 0 0 52 54
255 0 0 53 71
255 0 0 54 120
255 0 0 55 128
255 0 0 56 136
255 0 0 57 142
255 0 0 58 116
255 0 0 59 190
255 0 0 60 172
255 0 0 61 128
255 0 0 62 128
255 0 0 63 128
255 0 0 64 127
255 0 0 65 25
255 0 0 66 102
255 0 0 67 33
255 0 0 68 47
255 0 0 69 44
255 0 0 70 12
255 0 0 71 15
255 0 0 72 17
255 0 0 73 30
255 0 0 74 80
255 0 0 75 58
255 0 0 76 128
255 0 0 77 66
255 0 0 78 126
255 0 0 79 80
255 0 0 80 40
255 0 0 81 15
255 0 0 82 28
255 0 0 83 4
255 0 0 84 50
255 0 0 85 14
255 0 0 86 2
255 0 0 87 6
255 0 0 88 68
255 0 0 89 3
255 0 0 90 3
255 0 0 91 5
255 0 0 92 6
255 0 0 93 6
255 0 0 94 111
255 0 0 95 128
255 0 0 96 190
255 0 0 97 128
255 0 0 98 195
255 0 0 99 248
255 0 0 100 142
255 0 0 101 111
255 0 0 102 119
255 0 0 103 118
255 0 0 104 86
255 0 0 105 35
255 0 0 106 35
255 0 0 107 20
255 0 0 108 10
255 0 0 109 30
255 0 0 110 50
255 0 0 111 29
255 0 0 112 48
255 0 0 113 30
255 0 0 114 44
255 0 0 115 50
255 0 0 116 29
255 0 0 117 38
255 0 0 118 73
255 0 0 119 100
255 0 0 120 49
255 0 0 121 128
255 0 0 122 35
255 0 0 123 24
255 0 0 124 72
255 0 0 125 82
255 0 0 126 22
255 0 0 127 22
255 0 0 128 128
255 0 0 129 122
255 0 0 130 44
255 0 0 131 65
255 0 0 132 24
255 0 1 1 1
255 0 1 3 7
255 0 1 5 49
255 0 1 7 35
255 0 1 8 11
255 0 1 9 44
255 0 1 10 55
255 0 1 11 83
255 0 1 12 53
255 0 1 13 12
255 0 1 14 95
255 0 1 15 22
255 0 1 16 30
255 0 1 17 8
255 0 1 18 86
255 0 1 19 2
255 0 1 20 51
255 0 1 22 73
255 0 1 23 84
255 0 1 24 74
255 0 1 25 141
255 0 1 26 70
255 0 1 27 93
255 0 1 28 31
255 0 1 29 46
255 0 1 30 32
255 0 1 31 98
255 0 1 32 14
255 0 1 33 14
255 0 1 34 14
255 0 1 35 9
255 0 1 36 272
255 0 1 37 138
255 0 1 38 26
255 0 1 39 2
255 0 1 40 20
255 0 1 41 44
255 0 1 42 256
255 0 1 43 27
255 0 1 44 4
255 0 1 45 9
255 0 1 46 9
255 0 1 47 188
255 0 1 48 246
255 0 1 49 2
255 0 1 50 6
255 0 1 51 2
255 0 1 52 76
255 0 1 53 73
255 0 1 54 128
255 0 1 55 127
255 0 1 56 132
255 0 1 57 111
255 0 1 58 120
255 0 1 59 172
255 0 1 60 128
255 0 1 61 128
255 0 1 62 128
255 0 1 63 128
255 0 1 64 22
255 0 1 65 25
255 0 1 66 46
255 0 1 67 29
255 0 1 68 15
255 0 1 69 35
255 0 1 70 7
255 0 1 71 8
255 0 1 72 23
255 0 1 73 32
255 0 1 74 87
255 0 1 75 4
255 0 1 76 18
255 0 1 77 8
255 0 1 78 62
255 0 1 79 40
255 0 1 80 40
255 0 1 81 15
255 0 1 82 27
255 0 1 83 4
255 0 1 84 101
255 0 1 85 2
255 0 1 86 2
255 0 1 87 4
255 0 1 88 15
255 0 1 89 5
255 0 1 90 4
255 0 1 91 6
255 0 1 92 120
255 0 1 93 66
255 0 1 94 5
255 0 1 95 118
255 0 1 96 178
255 0 1 97 160
255 0 1 98 160
255 0 1 99 183
255 0 1 100 129
255 0 1 101 103
255 0 1 102 109
255 0 1 103 40
255 0 1 104 20
255 0 1 105 34
255 0 1 106 34
255 0 1 107 39
255 0 1 108 83
255 0 1 109 78
255 0 1 110 35
255 0 1 111 31
255 0 1 112 45
255 0 1 113 34
255 0 1 114 38
255 0 1 115 38
255 0 1 116 29
255 0 1 117 38
255 0 1 118 73
255 0 1 119 30
255 0 1 120 54
255 0 1 121 128
255 0 1 122 28
255 0 1 123 18
255 0 1 124 16
255 0 1 125 82
255 0 1 126 22
255 0 1 127 22
255 0 1 128 116
255 0 1 129 116
255 0 1 130 44
255 0 1 131 28
255 0 1 132 10
255 0 2 1 7
255 0 2 3 49
255 0 2 5 35
255 0 2 6 11
255 0 2 7 47
255 0 2 8 55
255 0 2 9 83
255 0 2 10 55
255 0 2 11 12
255 0 2 12 95
255 0 2 13 22
255 0 2 14 30
255 0 2 15 9
255 0 2 16 85
255 0 2 17 2
255 0 2 18 51
255 0 2 20 73
255 0 2 21 84
255 0 2 22 74
255 0 2 23 144
255 0 2 24 70
255 0 2 25 91
255 0 2 26 31
255 0 2 27 46
255 0 2 28 32
255 0 2 29 1
255 0 2 30 1
255 0 2 31 98
255 0 2 32 14
255 0 2 33 11
255 0 2 34 4
255 0 2 35 2
255 0 2 36 278
255 0 2 37 145
255 0 2 38 26
255 0 2 39 2
255 0 2 40 35
255 0 2 41 45
255 0 2 42 256
255 0 2 43 26
255 0 2 44 40
255 0 2 45 4
255 0 2 46 2
255 0 2 47 187
255 0 2 48 245
255 0 2 49 21
255 0 2 50 2
255 0 2 51 12
255 0 2 52 77
255 0 2 53 73
255 0 2 54 120
255 0 2 55 120
255 0 2 56 134
255 0 2 57 113
255 0 2 58 104
255 0 2 59 128
255 0 2 60 128
255 0 2 61 128
255 0 2 62 128
255 0 2 63 84
255 0 2 64 25
255 0 2 65 24
255 0 2 66 14
255 0 2 67 8
255 0 2 68 36
255 0 2 69 67
255 0 2 70 12
255 0 2 71 12
255 0 2 72 22
255 0 2 73 30
255 0 2 74 74
255 0 2 75 11
255 0 2 76 68
255 0 2 77 8
255 0 2 78 58
255 0 2 79 40
255 0 2 80 40
255 0 2 81 14
255 0 2 82 31
255 0 2 83 9
255 0 2 84 86
255 0 2 85 14
255 0 2 86 3
255 0 2 87 4
255 0 2 88 2
255 0 2 89 5
255 0 2 90 5
255 0 2 91 3
255 0 2 92 2
255 0 2 93 5
255 0 2 94 3
255 0 2 95 56
255 0 2 96 150
255 0 2 97 128
255 0 2 98 169
255 0 2 99 126
255 0 2 100 130
255 0 2 101 92
255 0 2 102 128
255 0 2 103 114
255 0 2 104 35
255 0 2 105 32
255 0 2 106 36
255 0 2 107 33
255 0 2 108 85
255 0 2 109 30
255 0 2 110 27
255 0 2 111 34
255 0 2 112 32
255 0 2 113 29
255 0 2 114 49
255 0 2 115 51
255 0 2 116 33
255 0 2 117 44
255 0 2 118 31
255 0 2 119 79
255 0 2 120 44
255 0 2 121 128
255 0 2 122 34
255 0 2 123 20
255 0 2 124 72
255 0 2 125 82
255 0 2 126 22
255 0 2 127 75
255 0 2 128 14
255 0 2 129 122
255 0 2 130 44
255 0 2 131 28
255 0 2 132 9
255 0 3 1 49
255 0 3 3 35
255 0 3 4 12
255 0 3 5 48
255 0 3 6 55
255 0 3 7 82
255 0 3 8 54
255 0 3 9 12
255 0 3 10 94
255 0 3 11 22
255 0 3 12 30
255 0 3 13 9
255 0 3 14 85
255 0 3 15 2
255 0 3 16 51
255 0 3 18 71
255 0 3 19 83
255 0 3 20 74
255 0 3 21 146
255 0 3 22 71
255 0 3 23 91
255 0 3 24 30
255 0 3 25 46
255 0 3 26 32
255 0 3 27 1
255 0 3 28 1
255 0 3 30 7
255 0 3 31 98
255 0 3 32 8
255 0 3 33 4
255 0 3 34 14
255 0 3 35 2
255 0 3 36 284
255 0 3 37 161
255 0 3 38 27
255 0 3 39 2
255 0 3 40 34
255 0 3 41 43
255 0 3 42 255
255 0 3 43 25
255 0 3 44 9
255 0 3 45 2
255 0 3 46 9
255 0 3 47 187
255 0 3 48 170
255 0 3 49 30
255 0 3 50 6
255 0 3 51 2
255 0 3 52 58
255 0 3 53 71
255 0 3 54 120
255 0 3 55 129
255 0 3 56 136
255 0 3 57 136
255 0 3 58 136
255 0 3 59 190
255 0 3 60 128
255 0 3 61 128
255 0 3 62 128
255 0 3 63 39
255 0 3 64 22
255 0 3 65 82
255 0 3 66 33
255 0 3 67 29
255 0 3 68 25
255 0 3 69 31
255 0 3 70 11
255 0 3 71 18
255 0 3 72 20
255 0 3 73 137
255 0 3 74 85
255 0 3 75 63
255 0 3 76 117
255 0 3 77 72
255 0 3 78 64
255 0 3 79 40
255 0 3 80 40
255 0 3 81 27
255 0 3 82 38
255 0 3 83 4
255 0 3 84 93
255 0 3 85 8
255 0 3 86 5
255 0 3 87 2
255 0 3 88 14
255 0 3 89 3
255 0 3 90 5
255 0 3 91 2
255 0 3 92 8
255 0 3 93 3
255 0 3 94 3
255 0 3 95 128
255 0 3 96 174
255 0 3 97 186
255 0 3 98 118
255 0 3 99 153
255 0 3 100 122
255 0 3 101 123
255 0 3 102 135
255 0 3 103 40
255 0 3 104 32
255 0 3 105 42
255 0 3 106 32
255 0 3 107 19
255 0 3 108 77
255 0 3 109 36
255 0 3 110 26
255 0 3 111 28
255 0 3 112 33
255 0 3 113 34
255 0 3 114 65
255 0 3 115 42
255 0 3 116 28
255 0 3 117 31
255 0 3 118 72
255 0 3 119 30
255 0 3 120 43
255 0 3 121 128
255 0 3 122 31
255 0 3 123 18
255 0 3 124 16
255 0 3 125 82
255 0 3 126 22
255 0 3 127 22
255 0 3 128 14
255 0 3 129 128
255 0 3 130 44
255 0 3 131 28
255 0 3 132 5
255 0 4 1 35
255 0 4 2 11
255 0 4 3 45
255 0 4 4 54
255 0 4 5 81
255 0 4 6 53
255 0 4 7 12
255 0 4 8 96
255 0 4 9 22
255 0 4 10 30
255 0 4 11 9
255 0 4 12 87
255 0 4 13 2
255 0 4 14 52
255 0 4 16 71
255 0 4 17 84
255 0 4 18 75
255 0 4 19 143
255 0 4 20 71
255 0 4 21 91
255 0 4 22 30
255 0 4 23 46
255 0 4 24 31
255 0 4 26 1
255 0 4 28 7
255 0 4 30 49
255 0 4 31 98
255 0 4 32 14
255 0 4 33 11
255 0 4 34 3
255 0 4 35 4
255 0 4 36 273
255 0 4 37 154
255 0 4 38 28
255 0 4 39 2
255 0 4 40 43
255 0 4 41 43
255 0 4 42 256
255 0 4 43 26
255 0 4 44 9
255 0 4 45 7
255 0 4 46 12
255 0 4 47 191
255 0 4 48 90
255 0 4 49 30
255 0 4 50 2
255 0 4 51 7
255 0 4 52 77
255 0 4 53 70
255 0 4 54 125
255 0 4 55 124
255 0 4 56 131
255 0 4 57 118
255 0 4 58 132
255 0 4 59 252
255 0 4 60 128
255 0 4 61 128
255 0 4 62 54
255 0 4 63 22
255 0 4 64 54
255 0 4 65 28
255 0 4 66 19
255 0 4 67 17
255 0 4 68 25
255 0 4 69 47
255 0 4 70 16
255 0 4 71 14
255 0 4 72 15
255 0 4 73 85
255 0 4 74 127
255 0 4 75 4
255 0 4 76 18
255 0 4 77 123
255 0 4 78 4
255 0 4 79 40
255 0 4 80 40
255 0 4 81 50
255 0 4 82 26
255 0 4 83 4
255 0 4 84 99
255 0 4 85 14
255 0 4 86 5
255 0 4 87 56
255 0 4 88 5
255 0 4 89 15
255 0 4 90 55
255 0 4 91 68
255 0 4 92 2
255 0 4 93 6
255 0 4 94 66
255 0 4 95 56
255 0 4 96 181
255 0 4 97 154
255 0 4 98 128
255 0 4 99 135
255 0 4 100 117
255 0 4 101 103
255 0 4 102 34
255 0 4 103 62
255 0 4 104 27
255 0 4 105 38
255 0 4 106 27
255 0 4 107 34
255 0 4 108 26
255 0 4 109 81
255 0 4 110 29
255 0 4 111 33
255 0 4 112 28
255 0 4 113 42
255 0 4 114 49
255 0 4 115 37
255 0 4 116 33
255 0 4 117 18
255 0 4 118 51
255 0 4 119 128
255 0 4 120 46
255 0 4 121 128
255 0 4 122 28
255 0 4 123 20
255 0 4 124 72
255 0 4 125 82
255 0 4 126 22
255 0 4 127 22
255 0 4 128 71
255 0 4 129 128
255 0 4 130 44
255 0 4 131 28
255 0 4 132 4
255 0 5 0 12
255 0 5 1 45
255 0 5 2 54
255 0 5 3 83
255 0 5 4 54
255 0 5 5 12
255 0 5 6 94
255 0 5 7 22
255 0 5 8 30
255 0 5 9 8
255 0 5 10 86
255 0 5 11 2
255 0 5 12 52
255 0 5 14 71
255 0 5 15 83
255 0 5 16 74
255 0 5 17 143
255 0 5 18 72
255 0 5 19 91
255 0 5 20 29
255 0 5 21 45
255 0 5 22 31
255 0 5 24 1
255 0 5 26 7
255 0 5 28 50
255 0 5 30 36
255 0 5 31 98
255 0 5 32 14
255 0 5 33 11
255 0 5 34 9
255 0 5 35 9
255 0 5 36 285
255 0 5 37 167
255 0 5 38 24
255 0 5 39 2
255 0 5 40 20
255 0 5 41 44
255 0 5 42 256
255 0 5 43 27
255 0 5 44 4
255 0 5 45 4
255 0 5 46 7
255 0 5 47 189
255 0 5 48 248
255 0 5 49 20
255 0 5 50 6
255 0 5 51 7
255 0 5 52 39
255 0 5 53 73
255 0 5 54 137
255 0 5 55 126
255 0 5 56 165
255 0 5 57 194
255 0 5 58 132
255 0 5 59 252
255 0 5 60 172
255 0 5 61 128
255 0 5 62 66
255 0 5 63 40
255 0 5 64 54
255 0 5 65 24
255 0 5 66 45
255 0 5 67 49
255 0 5 68 96
255 0 5 69 13
255 0 5 70 7
255 0 5 71 8
255 0 5 72 87
255 0 5 73 117
255 0 5 74 115
255 0 5 75 18
255 0 5 76 63
255 0 5 77 68
255 0 5 78 4
255 0 5 79 40
255 0 5 80 40
255 0 5 81 38
255 0 5 82 6
255 0 5 83 9
255 0 5 84 86
255 0 5 85 2
255 0 5 86 15
255 0 5 87 2
255 0 5 88 3
255 0 5 89 5
255 0 5 90 5
255 0 5 91 5
255 0 5 92 6
255 0 5 93 6
255 0 5 94 3
255 0 5 95 180
255 0 5 96 262
255 0 5 97 207
255 0 5 98 113
255 0 5 99 161
255 0 5 100 128
255 0 5 101 143
255 0 5 102 172
255 0 5 103 128
255 0 5 104 34
255 0 5 105 31
255 0 5 106 32
255 0 5 107 40
255 0 5 108 39
255 0 5 109 31
255 0 5 110 27
255 0 5 111 38
255 0 5 112 28
255 0 5 113 46
255 0 5 114 53
255 0 5 115 24
255 0 5 116 35
255 0 5 117 72
255 0 5 118 30
255 0 5 119 128
255 0 5 120 47
255 0 5 121 128
255 0 5 122 34
255 0 5 123 20
255 0 5 124 112
255 0 5 125 82
255 0 5 126 22
255 0 5 127 75
255 0 5 128 71
255 0 5 129 128
255 0 5 130 44
255 0 5 131 26
255 0 5 132 4
255 0 6 0 56
255 0 6 1 84
255 0 6 2 54
255 0 6 3 13
255 0 6 4 95
255 0 6 5 22
255 0 6 6 30
255 0 6 7 8
255 0 6 8 87
255 0 6 9 2
255 0 6 10 51
255 0 6 12 69
255 0 6 13 84
255 0 6 14 74
255 0 6 15 142
255 0 6 16 71
255 0 6 17 91
255 0 6 18 31
255 0 6 19 45
255 0 6 20 32
255 0 6 21 1
255 0 6 22 1
255 0 6 24 7
255 0 6 26 49
255 0 6 28 36
255 0 6 29 11
255 0 6 30 44
255 0 6 31 98
255 0 6 32 14
255 0 6 33 9
255 0 6 34 4
255 0 6 35 6
255 0 6 36 277
255 0 6 37 151
255 0 6 38 27
255 0 6 39 2
255 0 6 40 31
255 0 6 41 43
255 0 6 42 256
255 0 6 43 26
255 0 6 44 4
255 0 6 45 9
255 0 6 46 2
255 0 6 47 187
255 0 6 48 249
255 0 6 49 16
255 0 6 50 11
255 0 6 51 12
255 0 6 52 32
255 0 6 53 71
255 0 6 54 133
255 0 6 55 124
255 0 6 56 123
255 0 6 57 114
255 0 6 58 136
255 0 6 59 252
255 0 6 60 172
255 0 6 61 128
255 0 6 62 54
255 0 6 63 27
255 0 6 64 72
255 0 6 65 59
255 0 6 66 15
255 0 6 67 10
255 0 6 68 24
255 0 6 69 33
255 0 6 70 11
255 0 6 71 13
255 0 6 72 22
255 0 6 73 134
255 0 6 74 131
255 0 6 75 11
255 0 6 76 18
255 0 6 77 6
255 0 6 78 4
255 0 6 79 40
255 0 6 80 40
255 0 6 81 21
255 0 6 82 14
255 0 6 83 4
255 0 6 84 86
255 0 6 85 14
255 0 6 86 5
255 0 6 87 15
255 0 6 88 14
255 0 6 89 5
255 0 6 90 5
255 0 6 91 66
255 0 6 92 6
255 0 6 93 8
255 0 6 94 4
255 0 6 95 128
255 0 6 96 181
255 0 6 97 176
255 0 6 98 176
255 0 6 99 128
255 0 6 100 119
255 0 6 101 124
255 0 6 102 92
255 0 6 103 80
255 0 6 104 37
255 0 6 105 31
255 0 6 106 33
255 0 6 107 23
255 0 6 108 33
255 0 6 109 33
255 0 6 110 46
255 0 6 111 35
255 0 6 112 54
255 0 6 113 35
255 0 6 114 31
255 0 6 115 43
255 0 6 116 33
255 0 6 117 44
255 0 6 118 72
255 0 6 119 128
255 0 6 120 50
255 0 6 121 128
255 0 6 122 34
255 0 6 123 67
255 0 6 124 113
255 0 6 125 82
255 0 6 126 22
255 0 6 127 22
255 0 6 128 65
255 0 6 129 128
255 0 6 130 44
255 0 6 131 28
255 0 6 132 4
255 0 7 0 54
255 0 7 1 12
255 0 7 2 94
255 0 7 3 22
255 0 7 4 30
255 0 7 5 9
255 0 7 6 87
255 0 7 7 2
255 0 7 8 51
255 0 7 10 75
255 0 7 11 84
255 0 7 12 74
255 0 7 13 141
255 0 7 14 71
255 0 7 15 91
255 0 7 16 32
255 0 7 17 43
255 0 7 18 32
255 0 7 19 1
255 0 7 20 1
255 0 7 22 7
255 0 7 24 49
255 0 7 26 36
255 0 7 27 11
255 0 7 28 46
255 0 7 29 51
255 0 7 30 83
255 0 7 31 98
255 0 7 32 14
255 0 7 33 4
255 0 7 34 3
255 0 7 35 14
255 0 7 36 274
255 0 7 37 164
255 0 7 38 28
255 0 7 39 2
255 0 7 40 44
255 0 7 41 42
255 0 7 42 256
255 0 7 43 24
255 0 7 44 2
255 0 7 45 2
255 0 7 46 7
255 0 7 47 186
255 0 7 48 248
255 0 7 49 20
255 0 7 50 2
255 0 7 51 12
255 0 7 52 29
255 0 7 53 71
255 0 7 54 133
255 0 7 55 125
255 0 7 56 138
255 0 7 57 128
255 0 7 58 190
255 0 7 59 128
255 0 7 60 128
255 0 7 61 128
255 0 7 62 36
255 0 7 63 36
255 0 7 64 4
255 0 7 65 83
255 0 7 66 33
255 0 7 67 40
255 0 7 68 24
255 0 7 69 14
255 0 7 70 11
255 0 7 71 15
255 0 7 72 74
255 0 7 73 28
255 0 7 74 116
255 0 7 75 64
255 0 7 76 10
255 0 7 77 8
255 0 7 78 4
255 0 7 79 40
255 0 7 80 40
255 0 7 81 28
255 0 7 82 15
255 0 7 83 4
255 0 7 84 86
255 0 7 85 8
255 0 7 86 14
255 0 7 87 55
255 0 7 88 125
255 0 7 89 67
255 0 7 90 8
255 0 7 91 65
255 0 7 92 5
255 0 7 93 55
255 0 7 94 134
255 0 7 95 160
255 0 7 96 109
255 0 7 97 145
255 0 7 98 92
255 0 7 99 160
255 0 7 100 65
255 0 7 101 128
255 0 7 102 146
255 0 7 103 128
255 0 7 104 40
255 0 7 105 31
255 0 7 106 33
255 0 7 107 42
255 0 7 108 81
255 0 7 109 30
255 0 7 110 27
255 0 7 111 26
255 0 7 112 46
255 0 7 113 31
255 0 7 114 24
255 0 7 115 44
255 0 7 116 38
255 0 7 117 44
255 0 7 118 72
255 0 7 119 79
255 0 7 120 52
255 0 7 121 128
255 0 7 122 34
255 0 7 123 67
255 0 7 124 121
255 0 7 125 82
255 0 7 126 22
255 0 7 127 22
255 0 7 128 65
255 0 7 129 128
255 0 7 130 44
255 0 7 131 26
255 0 7 132 4
255 1 0 0 96
255 1 0 1 22
255 1 0 2 30
255 1 0 3 8
255 1 0 4 86
255 1 0 5 2
255 1 0 6 53
255 1 0 8 70
255 1 0 9 82
255 1 0 10 76
255 1 0 11 142
255 1 0 12 70
255 1 0 13 93
255 1 0 14 31
255 1 0 15 47
255 1 0 16 31
255 1 0 17 1
255 1 0 18 1
255 1 0 20 7
255 1 0 22 49
255 1 0 24 36
255 1 0 25 11
255 1 0 26 39
255 1 0 27 55
255 1 0 28 79
255 1 0 29 53
255 1 0 30 12
255 1 0 31 2
255 1 0 32 9
255 1 0 33 14
255 1 0 34 4
255 1 0 35 14
255 1 0 36 260
255 1 0 37 133
255 1 0 38 2
255 1 0 39 2
255 1 0 40 45
255 1 0 41 41
255 1 0 42 67
255 1 0 43 76
255 1 0 44 7
255 1 0 45 4
255 1 0 46 14
255 1 0 47 190
255 1 0 48 168
255 1 0 49 2
255 1 0 50 12
255 1 0 51 56
255 1 0 52 36
255 1 0 53 120
255 1 0 54 147
255 1 0 55 290
255 1 0 56 167
255 1 0 57 132
255 1 0 58 128
255 1 0 59 128
255 1 0 60 172
255 1 0 61 128
255 1 0 62 22
255 1 0 63 27
255 1 0 64 30
255 1 0 65 32
255 1 0 66 29
255 1 0 67 79
255 1 0 68 91
255 1 0 69 12
255 1 0 70 17
255 1 0 71 18
255 1 0 72 22
255 1 0 73 29
255 1 0 74 32
255 1 0 75 11
255 1 0 76 74
255 1 0 77 62
255 1 0 78 133
255 1 0 79 20
255 1 0 80 44
255 1 0 81 15
255 1 0 82 6
255 1 0 83 4
255 1 0 84 101
255 1 0 85 8
255 1 0 86 2
255 1 0 87 26
255 1 0 88 5
255 1 0 89 3
255 1 0 90 66
255 1 0 91 3
255 1 0 92 126
255 1 0 93 58
255 1 0 94 4
255 1 0 95 128
255 1 0 96 140
255 1 0 97 195
255 1 0 98 162
255 1 0 99 136
255 1 0 100 143
255 1 0 101 115
255 1 0 102 35
255 1 0 103 128
255 1 0 104 41
255 1 0 105 39
255 1 0 106 34
255 1 0 107 34
255 1 0 108 83
255 1 0 109 38
255 1 0 110 34
255 1 0 111 42
255 1 0 112 30
255 1 0 113 35
255 1 0 114 49
255 1 0 115 40
255 1 0 116 34
255 1 0 117 18
255 1 0 118 100
255 1 0 119 43
255 1 0 120 53
255 1 0 121 86
255 1 0 122 35
255 1 0 123 20
255 1 0 124 121
255 1 0 125 128
255 1 0 126 128
255 1 0 127 22
255 1 0 128 65
255 1 0 129 2
255 1 0 130 95
255 1 0 131 28
255 1 1 0 30
255 1 1 1 8
255 1 1 2 85
255 1 1 3 2
255 1 1 4 52
255 1 1 6 73
255 1 1 7 84
255 1 1 8 75
255 1 1 9 149
255 1 1 10 71
255 1 1 11 91
255 1 1 12 30
255 1 1 13 44
255 1 1 14 32
255 1 1 15 1
255 1 1 16 1
255 1 1 18 7
255 1 1 20 50
255 1 1 22 36
255 1 1 23 11
255 1 1 24 40
255 1 1 25 55
255 1 1 26 84
255 1 1 27 55
255 1 1 28 12
255 1 1 29 95
255 1 1 30 22
255 1 1 31 2
255 1 1 32 14
255 1 1 33 14
255 1 1 34 5
255 1 1 35 14
255 1 1 36 260
255 1 1 37 129
255 1 1 38 2
255 1 1 39 2
255 1 1 40 20
255 1 1 41 43
255 1 1 42 67
255 1 1 43 77
255 1 1 44 4
255 1 1 45 4
255 1 1 46 9
255 1 1 47 190
255 1 1 48 246
255 1 1 49 30
255 1 1 50 6
255 1 1 51 48
255 1 1 52 33
255 1 1 53 120
255 1 1 54 130
255 1 1 55 294
255 1 1 56 141
255 1 1 57 114
255 1 1 58 128
255 1 1 59 128
255 1 1 60 128
255 1 1 61 128
255 1 1 62 84
255 1 1 63 41
255 1 1 64 32
255 1 1 65 33
255 1 1 66 12
255 1 1 67 19
255 1 1 68 149
255 1 1 69 12
255 1 1 70 11
255 1 1 71 21
255 1 1 72 16
255 1 1 73 148
255 1 1 74 32
255 1 1 75 129
255 1 1 76 125
255 1 1 77 67
255 1 1 78 125
255 1 1 79 20
255 1 1 80 28
255 1 1 81 22
255 1 1 82 14
255 1 1 83 4
255 1 1 84 97
255 1 1 85 14
255 1 1 86 2
255 1 1 87 65
255 1 1 88 26
255 1 1 89 4
255 1 1 90 6
255 1 1 91 3
255 1 1 92 57
255 1 1 93 3
255 1 1 94 4
255 1 1 95 251
255 1 1 96 112
255 1 1 97 188
255 1 1 98 195
255 1 1 99 169
255 1 1 100 63
255 1 1 101 163
255 1 1 102 92
255 1 1 103 34
255 1 1 104 81
255 1 1 105 26
255 1 1 106 79
255 1 1 107 10
255 1 1 108 30
255 1 1 109 35
255 1 1 110 27
255 1 1 111 27
255 1 1 112 34
255 1 1 113 47
255 1 1 114 38
255 1 1 115 31
255 1 1 116 34
255 1 1 117 18
255 1 1 118 128
255 1 1 119 52
255 1 1 120 54
255 1 1 121 87
255 1 1 122 34
255 1 1 123 20
255 1 1 124 121
255 1 1 125 128
255 1 1 126 128
255 1 1 127 128
255 1 1 128 14
255 1 1 129 2
255 1 1 130 80
255 1 1 131 24
255 1 2 0 85
255 1 2 1 2
255 1 2 2 51
255 1 2 4 69
255 1 2 5 83
255 1 2 6 74
255 1 2 7 148
255 1 2 8 69
255 1 2 9 93
255 1 2 10 30
255 1 2 11 44
255 1 2 12 32
255 1 2 13 1
255 1 2 14 1
255 1 2 16 6
255 1 2 18 49
255 1 2 20 35
255 1 2 21 11
255 1 2 22 44
255 1 2 23 54
255 1 2 24 85
255 1 2 25 55
255 1 2 26 12
255 1 2 27 95
255 1 2 28 22
255 1 2 29 30
255 1 2 30 8
255 1 2 31 2
255 1 2 32 9
255 1 2 33 8
255 1 2 34 5
255 1 2 35 8
255 1 2 36 260
255 1 2 37 124
255 1 2 38 2
255 1 2 39 2
255 1 2 40 47
255 1 2 41 40
255 1 2 42 67
255 1 2 43 75
255 1 2 44 4
255 1 2 45 4
255 1 2 46 9
255 1 2 47 188
255 1 2 48 168
255 1 2 49 11
255 1 2 50 10
255 1 2 51 74
255 1 2 52 36
255 1 2 53 134
255 1 2 54 138
255 1 2 55 276
255 1 2 56 150
255 1 2 57 118
255 1 2 58 190
255 1 2 59 128
255 1 2 60 172
255 1 2 61 128
255 1 2 62 41
255 1 2 63 10
255 1 2 64 40
255 1 2 65 37
255 1 2 66 15
255 1 2 67 10
255 1 2 68 43
255 1 2 69 12
255 1 2 70 6
255 1 2 71 84
255 1 2 72 84
255 1 2 73 121
255 1 2 74 74
255 1 2 75 63
255 1 2 76 67
255 1 2 77 6
255 1 2 78 130
255 1 2 79 20
255 1 2 80 31
255 1 2 81 24
255 1 2 82 19
255 1 2 83 9
255 1 2 84 97
255 1 2 85 14
255 1 2 86 3
255 1 2 87 2
255 1 2 88 4
255 1 2 89 56
255 1 2 90 7
255 1 2 91 3
255 1 2 92 130
255 1 2 93 4
255 1 2 94 118
255 1 2 95 128
255 1 2 96 134
255 1 2 97 188
255 1 2 98 190
255 1 2 99 81
255 1 2 100 112
255 1 2 101 78
255 1 2 102 153
255 1 2 103 34
255 1 2 104 41
255 1 2 105 26
255 1 2 106 29
255 1 2 107 30
255 1 2 108 77
255 1 2 109 34
255 1 2 110 32
255 1 2 111 25
255 1 2 112 34
255 1 2 113 49
255 1 2 114 34
255 1 2 115 33
255 1 2 116 36
255 1 2 117 44
255 1 2 118 72
255 1 2 119 55
255 1 2 120 52
255 1 2 121 86
255 1 2 122 32
255 1 2 123 72
255 1 2 124 113
255 1 2 125 128
255 1 2 126 128
255 1 2 127 71
255 1 2 128 14
255 1 2 129 2
255 1 2 130 78
255 1 2 131 24
255 1 3 0 51
255 1 3 2 71
255 1 3 3 84
255 1 3 4 74
255 1 3 5 148
255 1 3 6 70
255 1 3 7 93
255 1 3 8 30
255 1 3 9 43
255 1 3 10 32
255 1 3 11 1
255 1 3 12 1
255 1 3 14 6
255 1 3 16 49
255 1 3 18 35
255 1 3 19 11
255 1 3 20 39
255 1 3 21 55
255 1 3 22 84
255 1 3 23 55
255 1 3 24 12
255 1 3 25 96
255 1 3 26 22
255 1 3 27 30
255 1 3 28 9
255 1 3 29 85
255 1 3 30 2
255 1 3 31 2
255 1 3 32 9
255 1 3 33 9
255 1 3 34 5
255 1 3 35 2
255 1 3 36 260
255 1 3 37 135
255 1 3 38 2
255 1 3 39 2
255 1 3 40 20
255 1 3 41 43
255 1 3 42 61
255 1 3 43 76
255 1 3 44 2
255 1 3 45 7
255 1 3 46 14
255 1 3 47 190
255 1 3 48 91
255 1 3 49 30
255 1 3 50 2
255 1 3 51 38
255 1 3 52 30
255 1 3 53 129
255 1 3 54 136
255 1 3 55 297
255 1 3 56 120
255 1 3 57 194
255 1 3 58 128
255 1 3 59 172
255 1 3 60 172
255 1 3 61 128
255 1 3 62 66
255 1 3 63 37
255 1 3 64 12
255 1 3 65 17
255 1 3 66 93
255 1 3 67 83
255 1 3 68 37
255 1 3 69 9
255 1 3 70 7
255 1 3 71 70
255 1 3 72 82
255 1 3 73 30
255 1 3 74 117
255 1 3 75 4
255 1 3 76 10
255 1 3 77 71
255 1 3 78 129
255 1 3 79 20
255 1 3 80 15
255 1 3 81 50
255 1 3 82 5
255 1 3 83 14
255 1 3 84 86
255 1 3 85 14
255 1 3 86 4
255 1 3 87 2
255 1 3 88 3
255 1 3 89 3
255 1 3 90 3
255 1 3 91 5
255 1 3 92 5
255 1 3 93 6
255 1 3 94 55
255 1 3 95 160
255 1 3 96 129
255 1 3 97 162
255 1 3 98 234
255 1 3 99 87
255 1 3 100 112
255 1 3 101 139
255 1 3 102 175
255 1 3 103 79
255 1 3 104 30
255 1 3 105 31
255 1 3 106 34
255 1 3 107 26
255 1 3 108 85
255 1 3 109 31
255 1 3 110 32
255 1 3 111 38
255 1 3 112 30
255 1 3 113 46
255 1 3 114 50
255 1 3 115 44
255 1 3 116 38
255 1 3 117 37
255 1 3 118 51
255 1 3 119 44
255 1 3 120 51
255 1 3 121 86
255 1 3 122 28
255 1 3 123 72
255 1 3 124 114
255 1 3 125 128
255 1 3 126 128
255 1 3 127 128
255 1 3 128 65
255 1 3 129 2
255 1 3 130 50
255 1 3 131 20
255 1 4 0 66
255 1 4 1 85
255 1 4 2 74
255 1 4 3 147
255 1 4 4 71
255 1 4 5 91
255 1 4 6 31
255 1 4 7 43
255 1 4 8 32
255 1 4 9 1
255 1 4 10 1
255 1 4 12 7
255 1 4 14 49
255 1 4 16 35
255 1 4 17 11
255 1 4 18 45
255 1 4 19 54
255 1 4 20 84
255 1 4 21 56
255 1 4 22 12
255 1 4 23 95
255 1 4 24 22
255 1 4 25 30
255 1 4 26 9
255 1 4 27 85
255 1 4 28 2
255 1 4 29 51
255 1 4 31 2
255 1 4 32 6
255 1 4 33 14
255 1 4 34 5
255 1 4 35 3
255 1 4 36 259
255 1 4 37 134
255 1 4 38 2
255 1 4 39 2
255 1 4 40 20
255 1 4 41 42
255 1 4 42 62
255 1 4 43 75
255 1 4 44 14
255 1 4 45 2
255 1 4 46 14
255 1 4 47 190
255 1 4 48 88
255 1 4 49 2
255 1 4 50 2
255 1 4 51 30
255 1 4 52 25
255 1 4 53 124
255 1 4 54 153
255 1 4 55 287
255 1 4 56 175
255 1 4 57 176
255 1 4 58 128
255 1 4 59 128
255 1 4 60 172
255 1 4 61 98
255 1 4 62 84
255 1 4 63 41
255 1 4 64 32
255 1 4 65 40
255 1 4 66 13
255 1 4 67 80
255 1 4 68 169
255 1 4 69 11
255 1 4 70 17
255 1 4 71 15
255 1 4 72 128
255 1 4 73 87
255 1 4 74 65
255 1 4 75 4
255 1 4 76 9
255 1 4 77 6
255 1 4 78 90
255 1 4 79 20
255 1 4 80 50
255 1 4 81 44
255 1 4 82 15
255 1 4 83 14
255 1 4 84 109
255 1 4 85 8
255 1 4 86 6
255 1 4 87 3
255 1 4 88 2
255 1 4 89 4
255 1 4 90 126
255 1 4 91 5
255 1 4 92 142
255 1 4 93 4
255 1 4 94 4
255 1 4 95 209
255 1 4 96 278
255 1 4 97 122
255 1 4 98 112
255 1 4 99 104
255 1 4 100 128
255 1 4 101 64
255 1 4 102 37
255 1 4 103 81
255 1 4 104 47
255 1 4 105 36
255 1 4 106 77
255 1 4 107 39
255 1 4 108 18
255 1 4 109 30
255 1 4 110 38
255 1 4 111 35
255 1 4 112 32
255 1 4 113 42
255 1 4 114 52
255 1 4 115 24
255 1 4 116 41
255 1 4 117 37
255 1 4 118 51
255 1 4 119 44
255 1 4 120 52
255 1 4 121 86
255 1 4 122 28
255 1 4 123 16
255 1 4 124 128
255 1 4 125 128
255 1 4 126 128
255 1 4 127 128
255 1 4 128 116
255 1 4 129 2
255 1 4 130 50
255 1 4 131 24
255 1 5 0 77
255 1 5 1 146
255 1 5 2 71
255 1 5 3 93
255 1 5 4 30
255 1 5 5 46
255 1 5 6 31
255 1 5 7 1
255 1 5 8 1
255 1 5 10 7
255 1 5 12 51
255 1 5 14 35
255 1 5 15 11
255 1 5 16 39
255 1 5 17 55
255 1 5 18 83
255 1 5 19 54
255 1 5 20 12
255 1 5 21 96
255 1 5 22 23
255 1 5 23 30
255 1 5 24 9
255 1 5 25 87
255 1 5 26 2
255 1 5 27 52
255 1 5 29 66
255 1 5 30 82
255 1 5 31 2
255 1 5 32 9
255 1 5 33 11
255 1 5 34 8
255 1 5 35 14
255 1 5 36 260
255 1 5 37 150
255 1 5 38 2
255 1 5 39 2
255 1 5 40 44
255 1 5 41 42
255 1 5 42 62
255 1 5 43 41
255 1 5 44 2
255 1 5 45 9
255 1 5 46 12
255 1 5 47 190
255 1 5 48 91
255 1 5 49 30
255 1 5 50 6
255 1 5 51 25
255 1 5 52 24
255 1 5 53 136
255 1 5 54 130
255 1 5 55 282
255 1 5 56 162
255 1 5 57 132
255 1 5 58 128
255 1 5 59 216
255 1 5 60 216
255 1 5 61 22
255 1 5 62 98
255 1 5 63 22
255 1 5 64 14
255 1 5 65 84
255 1 5 66 92
255 1 5 67 47
255 1 5 68 42
255 1 5 69 9
255 1 5 70 16
255 1 5 71 18
255 1 5 72 91
255 1 5 73 72
255 1 5 74 121
255 1 5 75 18
255 1 5 76 10
255 1 5 77 6
255 1 5 78 132
255 1 5 79 20
255 1 5 80 44
255 1 5 81 4
255 1 5 82 24
255 1 5 83 14
255 1 5 84 104
255 1 5 85 8
255 1 5 86 5
255 1 5 87 123
255 1 5 88 3
255 1 5 89 55
255 1 5 90 4
255 1 5 91 6
255 1 5 92 5
255 1 5 93 6
255 1 5 94 234
255 1 5 95 128
255 1 5 96 230
255 1 5 97 160
255 1 5 98 300
255 1 5 99 151
255 1 5 100 133
255 1 5 101 107
255 1 5 102 110
255 1 5 103 79
255 1 5 104 41
255 1 5 105 28
255 1 5 106 85
255 1 5 107 34
255 1 5 108 26
255 1 5 109 35
255 1 5 110 31
255 1 5 111 27
255 1 5 112 30
255 1 5 113 42
255 1 5 114 52
255 1 5 115 43
255 1 5 116 41
255 1 5 117 31
255 1 5 118 51
255 1 5 119 46
255 1 5 120 54
255 1 5 121 86
255 1 5 122 24
255 1 5 123 65
255 1 5 124 128
255 1 5 125 128
255 1 5 126 128
255 1 5 127 71
255 1 5 128 116
255 1 5 129 2
255 1 5 130 72
255 1 5 131 19
255 1 6 0 72
255 1 6 1 91
255 1 6 2 31
255 1 6 3 46
255 1 6 4 32
255 1 6 5 1
255 1 6 6 1
255 1 6 8 7
255 1 6 10 49
255 1 6 12 35
255 1 6 13 11
255 1 6 14 37
255 1 6 15 55
255 1 6 16 84
255 1 6 17 55
255 1 6 18 12
255 1 6 19 95
255 1 6 20 22
255 1 6 21 30
255 1 6 22 9
255 1 6 23 86
255 1 6 24 2
255 1 6 25 53
255 1 6 27 75
255 1 6 28 82
255 1 6 29 75
255 1 6 30 144
255 1 6 31 2
255 1 6 32 6
255 1 6 33 6
255 1 6 34 14
255 1 6 35 14
255 1 6 36 258
255 1 6 37 143
255 1 6 38 2
255 1 6 39 2
255 1 6 40 30
255 1 6 41 44
255 1 6 42 44
255 1 6 43 38
255 1 6 44 6
255 1 6 45 7
255 1 6 46 16
255 1 6 47 188
255 1 6 48 89
255 1 6 49 21
255 1 6 50 11
255 1 6 51 76
255 1 6 52 24
255 1 6 53 139
255 1 6 54 141
255 1 6 55 296
255 1 6 56 170
255 1 6 57 176
255 1 6 58 190
255 1 6 59 128
255 1 6 60 216
255 1 6 61 128
255 1 6 62 32
255 1 6 63 36
255 1 6 64 17
255 1 6 65 45
255 1 6 66 51
255 1 6 67 68
255 1 6 68 33
255 1 6 69 8
255 1 6 70 8
255 1 6 71 15
255 1 6 72 72
255 1 6 73 135
255 1 6 74 120
255 1 6 75 14
255 1 6 76 10
255 1 6 77 65
255 1 6 78 134
255 1 6 79 20
255 1 6 80 38
255 1 6 81 50
255 1 6 82 4
255 1 6 83 50
255 1 6 84 107
255 1 6 85 8
255 1 6 86 2
255 1 6 87 5
255 1 6 88 8
255 1 6 89 66
255 1 6 90 127
255 1 6 91 3
255 1 6 92 6
255 1 6 93 6
255 1 6 94 56
255 1 6 95 128
255 1 6 96 188
255 1 6 97 110
255 1 6 98 136
255 1 6 99 143
255 1 6 100 113
255 1 6 101 161
255 1 6 102 101
255 1 6 103 42
255 1 6 104 38
255 1 6 105 33
255 1 6 106 20
255 1 6 107 42
255 1 6 108 33
255 1 6 109 27
255 1 6 110 35
255 1 6 111 40
255 1 6 112 31
255 1 6 113 38
255 1 6 114 44
255 1 6 115 29
255 1 6 116 28
255 1 6 117 31
255 1 6 118 30
255 1 6 119 47
255 1 6 120 54
255 1 6 121 87
255 1 6 122 28
255 1 6 123 65
255 1 6 124 128
255 1 6 125 128
255 1 6 126 128
255 1 6 127 128
255 1 6 128 122
255 1 6 129 2
255 1 6 130 70
255 1 6 131 24
255 1 7 0 31
255 1 7 1 46
255 1 7 2 32
255 1 7 3 1
255 1 7 4 1
255 1 7 6 7
255 1 7 8 50
255 1 7 10 35
255 1 7 11 11
255 1 7 12 44
255 1 7 13 56
255 1 7 14 83
255 1 7 15 55
255 1 7 16 12
255 1 7 17 95
255 1 7 18 23
255 1 7 19 30
255 1 7 20 9
255 1 7 21 87
255 1 7 22 2
255 1 7 23 52
255 1 7 25 70
255 1 7 26 83
255 1 7 27 76
255 1 7 28 142
255 1 7 29 71
255 1 7 30 91
255 1 7 31 8
255 1 7 32 9
255 1 7 33 4
255 1 7 34 14
255 1 7 35 8
255 1 7 36 260
255 1 7 37 131
255 1 7 38 2
255 1 7 39 2
255 1 7 40 44
255 1 7 41 44
255 1 7 42 64
255 1 7 43 79
255 1 7 44 4
255 1 7 45 2
255 1 7 46 16
255 1 7 47 192
255 1 7 48 90
255 1 7 49 7
255 1 7 50 6
255 1 7 51 76
255 1 7 52 25
255 1 7 53 120
255 1 7 54 129
255 1 7 55 296
255 1 7 56 134
255 1 7 57 100
255 1 7 58 190
255 1 7 59 128
255 1 7 60 172
255 1 7 61 128
255 1 7 62 66
255 1 7 63 46
255 1 7 64 28
255 1 7 65 35
255 1 7 66 16
255 1 7 67 45
255 1 7 68 47
255 1 7 69 10
255 1 7 70 16
255 1 7 71 17
255 1 7 72 17
255 1 7 73 28
255 1 7 74 115
255 1 7 75 74
255 1 7 76 10
255 1 7 77 123
255 1 7 78 127
255 1 7 79 20
255 1 7 80 5
255 1 7 81 38
255 1 7 82 9
255 1 7 83 14
255 1 7 84 95
255 1 7 85 14
255 1 7 86 3
255 1 7 87 2
255 1 7 88 26
255 1 7 89 5
255 1 7 90 3
255 1 7 91 3
255 1 7 92 4
255 1 7 93 5
255 1 7 94 128
255 1 7 95 189
255 1 7 96 133
255 1 7 97 211
255 1 7 98 129
255 1 7 99 153
255 1 7 100 116
255 1 7 101 137
255 1 7 102 101
255 1 7 103 46
255 1 7 104 81
255 1 7 105 34
255 1 7 106 36
255 1 7 107 40
255 1 7 108 128
255 1 7 109 31
255 1 7 110 37
255 1 7 111 27
255 1 7 112 38
255 1 7 113 54
255 1 7 114 48
255 1 7 115 24
255 1 7 116 28
255 1 7 117 18
255 1 7 118 128
255 1 7 119 46
255 1 7 120 52
255 1 7 121 86
255 1 7 122 28
255 1 7 123 65
255 1 7 124 128
255 1 7 125 128
255 1 7 126 128
255 1 7 127 128
255 1 7 128 122
255 1 7 129 2
255 1 7 130 66
255 1 7 131 24
